font name=font23 height=23
range U+0000..U+0451
default U+0020

glyph U+0000 width=3
000
000
000
000
000
000
000
000
000
000
000
000
000
000
000
000
000
000
000
000
000
000
000
end

glyph U+0001 width=3
000
000
000
000
000
000
000
000
000
000
000
000
000
000
000
000
000
000
000
000
000
000
000
end

glyph U+0002 width=3
000
000
000
000
000
000
000
000
000
000
000
000
000
000
000
000
000
000
000
000
000
000
000
end

glyph U+0003 width=3
000
000
000
000
000
000
000
000
000
000
000
000
000
000
000
000
000
000
000
000
000
000
000
end

glyph U+0004 width=3
000
000
000
000
000
000
000
000
000
000
000
000
000
000
000
000
000
000
000
000
000
000
000
end

glyph U+0005 width=3
000
000
000
000
000
000
000
000
000
000
000
000
000
000
000
000
000
000
000
000
000
000
000
end

glyph U+0006 width=3
000
000
000
000
000
000
000
000
000
000
000
000
000
000
000
000
000
000
000
000
000
000
000
end

glyph U+0007 width=3
000
000
000
000
000
000
000
000
000
000
000
000
000
000
000
000
000
000
000
000
000
000
000
end

glyph U+0008 width=3
000
000
000
000
000
000
000
000
000
000
000
000
000
000
000
000
000
000
000
000
000
000
000
end

glyph U+0009 width=3
000
000
000
000
000
000
000
000
000
000
000
000
000
000
000
000
000
000
000
000
000
000
000
end

glyph U+000A width=3
000
000
000
000
000
000
000
000
000
000
000
000
000
000
000
000
000
000
000
000
000
000
000
end

glyph U+000B width=3
000
000
000
000
000
000
000
000
000
000
000
000
000
000
000
000
000
000
000
000
000
000
000
end

glyph U+000C width=3
000
000
000
000
000
000
000
000
000
000
000
000
000
000
000
000
000
000
000
000
000
000
000
end

glyph U+000D width=3
000
000
000
000
000
000
000
000
000
000
000
000
000
000
000
000
000
000
000
000
000
000
000
end

glyph U+000E width=3
000
000
000
000
000
000
000
000
000
000
000
000
000
000
000
000
000
000
000
000
000
000
000
end

glyph U+000F width=3
000
000
000
000
000
000
000
000
000
000
000
000
000
000
000
000
000
000
000
000
000
000
000
end

glyph U+0010 width=3
000
000
000
000
000
000
000
000
000
000
000
000
000
000
000
000
000
000
000
000
000
000
000
end

glyph U+0011 width=3
000
000
000
000
000
000
000
000
000
000
000
000
000
000
000
000
000
000
000
000
000
000
000
end

glyph U+0012 width=3
000
000
000
000
000
000
000
000
000
000
000
000
000
000
000
000
000
000
000
000
000
000
000
end

glyph U+0013 width=3
000
000
000
000
000
000
000
000
000
000
000
000
000
000
000
000
000
000
000
000
000
000
000
end

glyph U+0014 width=3
000
000
000
000
000
000
000
000
000
000
000
000
000
000
000
000
000
000
000
000
000
000
000
end

glyph U+0015 width=3
000
000
000
000
000
000
000
000
000
000
000
000
000
000
000
000
000
000
000
000
000
000
000
end

glyph U+0016 width=3
000
000
000
000
000
000
000
000
000
000
000
000
000
000
000
000
000
000
000
000
000
000
000
end

glyph U+0017 width=3
000
000
000
000
000
000
000
000
000
000
000
000
000
000
000
000
000
000
000
000
000
000
000
end

glyph U+0018 width=3
000
000
000
000
000
000
000
000
000
000
000
000
000
000
000
000
000
000
000
000
000
000
000
end

glyph U+0019 width=3
000
000
000
000
000
000
000
000
000
000
000
000
000
000
000
000
000
000
000
000
000
000
000
end

glyph U+001A width=3
000
000
000
000
000
000
000
000
000
000
000
000
000
000
000
000
000
000
000
000
000
000
000
end

glyph U+001B width=3
000
000
000
000
000
000
000
000
000
000
000
000
000
000
000
000
000
000
000
000
000
000
000
end

glyph U+001C width=3
000
000
000
000
000
000
000
000
000
000
000
000
000
000
000
000
000
000
000
000
000
000
000
end

glyph U+001D width=3
000
000
000
000
000
000
000
000
000
000
000
000
000
000
000
000
000
000
000
000
000
000
000
end

glyph U+001E width=3
000
000
000
000
000
000
000
000
000
000
000
000
000
000
000
000
000
000
000
000
000
000
000
end

glyph U+001F width=3
000
000
000
000
000
000
000
000
000
000
000
000
000
000
000
000
000
000
000
000
000
000
000
end

glyph U+0020 width=8
00000000
00000000
00000000
00000000
00000000
00000000
00000000
00000000
00000000
00000000
00000000
00000000
00000000
00000000
00000000
00000000
00000000
00000000
00000000
00000000
00000000
00000000
00000000
end

glyph U+0021 width=6
000000
000000
000000
000000
001110
001110
001110
001110
001110
001110
001110
001110
001110
001110
001110
000000
000000
001110
001110
001110
000000
000000
000000
end

glyph U+0022 width=9
000000000
000000000
000000000
011101110
011101110
011101110
011001100
011001100
011001100
000000000
000000000
000000000
000000000
000000000
000000000
000000000
000000000
000000000
000000000
000000000
000000000
000000000
000000000
end

glyph U+0023 width=13
0000000000000
0000000000000
0000000000000
0000000000000
0000110001100
0000110001100
0000110001100
0000110001100
0011111111110
0011111111110
0001100011000
0001100011000
0001100011000
0001100011000
0111111111100
0111111111100
0011000110000
0011000110000
0011000110000
0011000110000
0000000000000
0000000000000
0000000000000
end

glyph U+0024 width=10
0000000000
0000000000
0000000000
0000110000
0000110000
0001111100
0011111110
0111000010
0111000000
0111000000
0111100000
0011111000
0001111100
0000011110
0000001110
0000001110
0100001110
0111111100
0011111000
0000110000
0000110000
0000000000
0000000000
end

glyph U+0025 width=17
00000000000000000
00000000000000000
00000000000000000
00000000000000000
00111100000110000
01111110000110000
01100110001100000
01100110001100000
01100110011000000
01100110011000000
01111110110000000
00111100110000000
00000001100111100
00000001101111110
00000011001100110
00000011001100110
00000110001100110
00000110001100110
00001100001111110
00001100000111100
00000000000000000
00000000000000000
00000000000000000
end

glyph U+0026 width=14
00000000000000
00000000000000
00000000000000
00000000000000
00001111100000
00011111100000
00111100000000
00111000000000
00111000000000
00111000111000
00011100111000
00001111111110
00011111111110
00111000111000
01110000111000
01110000111000
01110000111000
01111000111000
00111111111000
00011111110000
00000000000000
00000000000000
00000000000000
end

glyph U+0027 width=5
00000
00000
00000
01110
01110
01110
01100
01100
01100
00000
00000
00000
00000
00000
00000
00000
00000
00000
00000
00000
00000
00000
00000
end

glyph U+0028 width=7
0000000
0000000
0000000
0001110
0011110
0011000
0111000
0111000
0111000
0111000
0111000
0111000
0111000
0111000
0111000
0111000
0111000
0111000
0111000
0111000
0011000
0011110
0001110
end

glyph U+0029 width=7
0000000
0000000
0000000
0111000
0111100
0001100
0001110
0001110
0001110
0001110
0001110
0001110
0001110
0001110
0001110
0001110
0001110
0001110
0001110
0001110
0001100
0111100
0111000
end

glyph U+002A width=12
000000000000
000000000000
000000000000
000000000000
000001100000
011001100110
011101101110
001111111100
000111111000
000011110000
000111111000
001111111100
011101101110
011001100110
000001100000
000000000000
000000000000
000000000000
000000000000
000000000000
000000000000
000000000000
000000000000
end

glyph U+002B width=11
00000000000
00000000000
00000000000
00000000000
00000000000
00000000000
00000000000
00001100000
00001100000
00001100000
00001100000
11111111110
11111111110
00001100000
00001100000
00001100000
00001100000
00000000000
00000000000
00000000000
00000000000
00000000000
00000000000
end

glyph U+002C width=5
00000
00000
00000
00000
00000
00000
00000
00000
00000
00000
00000
00000
00000
00000
00000
00000
00000
01110
01110
01110
00110
01100
11000
end

glyph U+002D width=7
0000000
0000000
0000000
0000000
0000000
0000000
0000000
0000000
0000000
0000000
0000000
0000000
0111110
0111110
0111110
0000000
0000000
0000000
0000000
0000000
0000000
0000000
0000000
end

glyph U+002E width=5
00000
00000
00000
00000
00000
00000
00000
00000
00000
00000
00000
00000
00000
00000
00000
00000
00000
01110
01110
01110
00000
00000
00000
end

glyph U+002F width=8
00000000
00000000
00000000
00000110
00000110
00000110
00000110
00001100
00001100
00001100
00001100
00011000
00011000
00011000
00011000
00110000
00110000
00110000
00110000
01100000
01100000
01100000
01100000
end

glyph U+0030 width=11
00000000000
00000000000
00000000000
00000000000
00011111000
00111111100
01110001110
01110001110
01110001110
01110001110
01110001110
01110001110
01110001110
01110001110
01110001110
01110001110
01110001110
01110001110
00111111100
00011111000
00000000000
00000000000
00000000000
end

glyph U+0031 width=11
00000000000
00000000000
00000000000
00000000000
00001110000
00111110000
01111110000
01101110000
00001110000
00001110000
00001110000
00001110000
00001110000
00001110000
00001110000
00001110000
00001110000
00001110000
01111111110
01111111110
00000000000
00000000000
00000000000
end

glyph U+0032 width=11
00000000000
00000000000
00000000000
00000000000
00111111000
01111111100
01100011110
00000001110
00000001110
00000001110
00000011100
00000011100
00000111000
00001110000
00011100000
00111000000
01110000000
01110000000
01111111110
01111111110
00000000000
00000000000
00000000000
end

glyph U+0033 width=11
00000000000
00000000000
00000000000
00000000000
00111111000
01111111100
01100011110
00000001110
00000001110
00000001110
00000011100
00011111000
00011111100
00000011110
00000001110
00000001110
00000001110
01100011110
01111111100
00111111000
00000000000
00000000000
00000000000
end

glyph U+0034 width=11
00000000000
00000000000
00000000000
00000000000
00000001100
00000011100
00000111100
00000111100
00001111100
00011011100
00011011100
00110011100
00110011100
01100011100
01100011100
01111111110
01111111110
00000011100
00000011100
00000011100
00000000000
00000000000
00000000000
end

glyph U+0035 width=11
00000000000
00000000000
00000000000
00000000000
01111111110
01111111110
01110000000
01110000000
01110000000
01110000000
01111111000
01111111100
00000011110
00000001110
00000001110
00000001110
00000001110
01100011110
01111111100
00111111000
00000000000
00000000000
00000000000
end

glyph U+0036 width=11
00000000000
00000000000
00000000000
00000000000
00000111100
00011111100
00111100000
00111000000
01110000000
01110000000
01111111000
01111111100
01110001110
01110001110
01110001110
01110001110
01110001110
01110001110
00111111100
00011111000
00000000000
00000000000
00000000000
end

glyph U+0037 width=11
00000000000
00000000000
00000000000
00000000000
01111111110
01111111110
00000001110
00000001110
00000011100
00000011100
00000111000
00000111000
00001110000
00001110000
00001110000
00011100000
00011100000
00011100000
00011100000
00011100000
00000000000
00000000000
00000000000
end

glyph U+0038 width=11
00000000000
00000000000
00000000000
00000000000
00011111000
00111111100
01110001110
01110001110
01110001110
01110001110
01110001110
00111111100
00111111100
01110001110
01110001110
01110001110
01110001110
01110001110
00111111100
00011111000
00000000000
00000000000
00000000000
end

glyph U+0039 width=11
00000000000
00000000000
00000000000
00000000000
00011111000
00111111100
01110001110
01110001110
01110001110
01110001110
01110001110
01110001110
00111111110
00011111110
00000001110
00000001110
00000011100
00000111100
00111111000
00111100000
00000000000
00000000000
00000000000
end

glyph U+003A width=5
00000
00000
00000
00000
00000
00000
00000
00000
01110
01110
01110
00000
00000
00000
00000
00000
00000
01110
01110
01110
00000
00000
00000
end

glyph U+003B width=5
00000
00000
00000
00000
00000
00000
00000
00000
01110
01110
01110
00000
00000
00000
00000
00000
00000
01110
01110
01110
00110
01100
11000
end

glyph U+003C width=11
00000000000
00000000000
00000000000
00000000000
00000000000
00000000000
00000001100
00000011100
00000111000
00001110000
00011100000
00111000000
00111000000
00011100000
00001110000
00000111000
00000011100
00000001100
00000000000
00000000000
00000000000
00000000000
00000000000
end

glyph U+003D width=11
00000000000
00000000000
00000000000
00000000000
00000000000
00000000000
00000000000
00000000000
00000000000
01111111110
01111111110
00000000000
00000000000
01111111110
01111111110
00000000000
00000000000
00000000000
00000000000
00000000000
00000000000
00000000000
00000000000
end

glyph U+003E width=11
00000000000
00000000000
00000000000
00000000000
00000000000
00000000000
00110000000
00111000000
00011100000
00001110000
00000111000
00000011100
00000011100
00000111000
00001110000
00011100000
00111000000
00110000000
00000000000
00000000000
00000000000
00000000000
00000000000
end

glyph U+003F width=9
000000000
000000000
000000000
000000000
011111000
011111100
000011110
000001110
000001110
000001110
000001110
000011100
000111000
001110000
001110000
000000000
000000000
001110000
001110000
001110000
000000000
000000000
000000000
end

glyph U+0040 width=16
0000000000000000
0000000000000000
0000000000000000
0000000000000000
0000011111100000
0001111111111000
0011100000011100
0011000000001100
0110000111100110
0110001111100110
0110011001100110
0110011001100110
0110011001100110
0110011001100110
0110011001100110
0110011111111100
0110001110111000
0011000000000000
0011100000001100
0001111111111000
0000011111110000
0000000000000000
0000000000000000
end

glyph U+0041 width=13
0000000000000
0000000000000
0000000000000
0000000000000
0000011100000
0000011100000
0000111110000
0000111110000
0000110110000
0001110111000
0001110111000
0001100011000
0011100011100
0011100011100
0011111111100
0011111111100
0111000001110
0111000001110
0111000001110
0111000001110
0000000000000
0000000000000
0000000000000
end

glyph U+0042 width=12
000000000000
000000000000
000000000000
000000000000
011111110000
011111111000
011100111100
011100011100
011100011100
011100011100
011100111000
011111110000
011111111100
011100011110
011100001110
011100001110
011100001110
011100011110
011111111100
011111111000
000000000000
000000000000
000000000000
end

glyph U+0043 width=10
0000000000
0000000000
0000000000
0000000000
0001111100
0011111110
0111100010
0111000000
0111000000
0111000000
0111000000
0111000000
0111000000
0111000000
0111000000
0111000000
0111000000
0111100010
0011111110
0001111100
0000000000
0000000000
0000000000
end

glyph U+0044 width=12
000000000000
000000000000
000000000000
000000000000
011111111000
011111111100
011100011110
011100001110
011100001110
011100001110
011100001110
011100001110
011100001110
011100001110
011100001110
011100001110
011100001110
011100011110
011111111100
011111111000
000000000000
000000000000
000000000000
end

glyph U+0045 width=10
0000000000
0000000000
0000000000
0000000000
0111111110
0111111110
0111000000
0111000000
0111000000
0111000000
0111111100
0111111100
0111000000
0111000000
0111000000
0111000000
0111000000
0111000000
0111111110
0111111110
0000000000
0000000000
0000000000
end

glyph U+0046 width=10
0000000000
0000000000
0000000000
0000000000
0111111110
0111111110
0111000000
0111000000
0111000000
0111000000
0111000000
0111111100
0111111100
0111000000
0111000000
0111000000
0111000000
0111000000
0111000000
0111000000
0000000000
0000000000
0000000000
end

glyph U+0047 width=11
00000000000
00000000000
00000000000
00000000000
00011111000
00111111100
01111000100
01110000000
01110000000
01110000000
01110000000
01110000000
01110011110
01110011110
01110001110
01110001110
01110001110
01110001110
00111111110
00011110110
00000000000
00000000000
00000000000
end

glyph U+0048 width=12
000000000000
000000000000
000000000000
000000000000
011100001110
011100001110
011100001110
011100001110
011100001110
011100001110
011100001110
011111111110
011111111110
011100001110
011100001110
011100001110
011100001110
011100001110
011100001110
011100001110
000000000000
000000000000
000000000000
end

glyph U+0049 width=7
0000000
0000000
0000000
0000000
0111110
0111110
0011100
0011100
0011100
0011100
0011100
0011100
0011100
0011100
0011100
0011100
0011100
0011100
0111110
0111110
0000000
0000000
0000000
end

glyph U+004A width=7
0000000
0000000
0000000
0000000
0111110
0111110
0011100
0011100
0011100
0011100
0011100
0011100
0011100
0011100
0011100
0011100
0011100
0011100
0011100
0011100
0011100
0111000
0110000
end

glyph U+004B width=11
00000000000
00000000000
00000000000
00000000000
01110001110
01110001110
01110011100
01110011100
01110011000
01110111000
01110110000
01111110000
01111110000
01110111000
01110111000
01110011000
01110011100
01110011100
01110001110
01110001110
00000000000
00000000000
00000000000
end

glyph U+004C width=9
000000000
000000000
000000000
000000000
011100000
011100000
011100000
011100000
011100000
011100000
011100000
011100000
011100000
011100000
011100000
011100000
011100000
011100000
011111110
011111110
000000000
000000000
000000000
end

glyph U+004D width=14
00000000000000
00000000000000
00000000000000
00000000000000
01100000000110
01100000000110
01110000001110
01110000001110
01111000011110
01111000011110
01111100111110
01111100111110
01110111101110
01110111101110
01110011001110
01110011001110
01110000001110
01110000001110
01110000001110
01110000001110
00000000000000
00000000000000
00000000000000
end

glyph U+004E width=12
000000000000
000000000000
000000000000
000000000000
011000001110
011100001110
011100001110
011110001110
011110001110
011111001110
011111001110
011101101110
011101101110
011100111110
011100111110
011100011110
011100011110
011100001110
011100001110
011100000110
000000000000
000000000000
000000000000
end

glyph U+004F width=12
000000000000
000000000000
000000000000
000000000000
000111111000
001111111100
011110011110
011100001110
011100001110
011100001110
011100001110
011100001110
011100001110
011100001110
011100001110
011100001110
011100001110
011110011110
001111111100
000111111000
000000000000
000000000000
000000000000
end

glyph U+0050 width=11
00000000000
00000000000
00000000000
00000000000
01111111000
01111111100
01110011110
01110001110
01110001110
01110001110
01110001110
01110001110
01110011100
01111111000
01111110000
01110000000
01110000000
01110000000
01110000000
01110000000
00000000000
00000000000
00000000000
end

glyph U+0051 width=12
000000000000
000000000000
000000000000
000000000000
000111111000
001111111100
011110011110
011100001110
011100001110
011100001110
011100001110
011100001110
011100001110
011100001110
011100001110
011100001110
011100001110
011110011110
001111111100
000111111000
000000111000
000000011110
000000001110
end

glyph U+0052 width=11
00000000000
00000000000
00000000000
00000000000
01111111000
01111111100
01110011110
01110001110
01110001110
01110001110
01110001110
01110011100
01111111000
01111110000
01110111000
01110111000
01110011100
01110011100
01110001110
01110001110
00000000000
00000000000
00000000000
end

glyph U+0053 width=10
0000000000
0000000000
0000000000
0000000000
0001111100
0011111110
0111000010
0111000000
0111000000
0111000000
0111100000
0011111000
0001111100
0000011110
0000001110
0000001110
0000001110
0100001110
0111111100
0011111000
0000000000
0000000000
0000000000
end

glyph U+0054 width=10
0000000000
0000000000
0000000000
0000000000
1111111110
1111111110
0001110000
0001110000
0001110000
0001110000
0001110000
0001110000
0001110000
0001110000
0001110000
0001110000
0001110000
0001110000
0001110000
0001110000
0000000000
0000000000
0000000000
end

glyph U+0055 width=12
000000000000
000000000000
000000000000
000000000000
011100001110
011100001110
011100001110
011100001110
011100001110
011100001110
011100001110
011100001110
011100001110
011100001110
011100001110
011100001110
011100001110
011110011110
001111111100
000111111000
000000000000
000000000000
000000000000
end

glyph U+0056 width=13
0000000000000
0000000000000
0000000000000
0000000000000
0111000001110
0111000001110
0111000001110
0111000001110
0011100011100
0011100011100
0011100011100
0011100011100
0001100011000
0001110111000
0001110111000
0000110110000
0000111110000
0000111110000
0000011100000
0000011100000
0000000000000
0000000000000
0000000000000
end

glyph U+0057 width=21
000000000000000000000
000000000000000000000
000000000000000000000
000000000000000000000
011100000111000001110
011100000111000001110
011100000111000001110
011100000111000001110
001110001111100011100
001110001101100011100
001110001101100011100
001110001101100011100
000110011101110011000
000111011101110111000
000111011000110111000
000011011000110110000
000011111000111110000
000011111000111110000
000001110000011100000
000001110000011100000
000000000000000000000
000000000000000000000
000000000000000000000
end

glyph U+0058 width=13
0000000000000
0000000000000
0000000000000
0000000000000
0111000001110
0111000001110
0011100011100
0011100011100
0001110111000
0001110111000
0000111110000
0000011100000
0000011100000
0000111110000
0001110111000
0001110111000
0011100011100
0011100011100
0111000001110
0111000001110
0000000000000
0000000000000
0000000000000
end

glyph U+0059 width=13
0000000000000
0000000000000
0000000000000
0000000000000
0111000001110
0111000001110
0111000001110
0011100011100
0011100011100
0011100011100
0001110111000
0001110111000
0000110110000
0000111110000
0000011100000
0000011100000
0000011100000
0000011100000
0000011100000
0000011100000
0000000000000
0000000000000
0000000000000
end

glyph U+005A width=10
0000000000
0000000000
0000000000
0000000000
0111111110
0111111110
0000001110
0000001110
0000011100
0000011100
0000111000
0000111000
0001110000
0001110000
0011100000
0011100000
0111000000
0111000000
0111111110
0111111110
0000000000
0000000000
0000000000
end

glyph U+005B width=7
0000000
0000000
0000000
0111110
0111110
0111000
0111000
0111000
0111000
0111000
0111000
0111000
0111000
0111000
0111000
0111000
0111000
0111000
0111000
0111000
0111000
0111110
0111110
end

glyph U+005C width=8
00000000
00000000
00000000
01100000
01100000
01100000
01100000
00110000
00110000
00110000
00110000
00011000
00011000
00011000
00011000
00001100
00001100
00001100
00001100
00000110
00000110
00000110
00000110
end

glyph U+005D width=7
0000000
0000000
0000000
0111110
0111110
0001110
0001110
0001110
0001110
0001110
0001110
0001110
0001110
0001110
0001110
0001110
0001110
0001110
0001110
0001110
0001110
0111110
0111110
end

glyph U+005E width=11
00000000000
00000000000
00000000000
00000000000
00001110000
00001110000
00011111000
00011011000
00111011100
00110001100
01110001110
00000000000
00000000000
00000000000
00000000000
00000000000
00000000000
00000000000
00000000000
00000000000
00000000000
00000000000
00000000000
end

glyph U+005F width=6
000000
000000
000000
000000
000000
000000
000000
000000
000000
000000
000000
000000
000000
000000
000000
000000
000000
000000
000000
000000
000000
111110
111110
end

glyph U+0060 width=6
000000
000000
110000
011000
001100
000110
000000
000000
000000
000000
000000
000000
000000
000000
000000
000000
000000
000000
000000
000000
000000
000000
000000
end

glyph U+0061 width=10
0000000000
0000000000
0000000000
0000000000
0000000000
0000000000
0000000000
0111111000
0111111100
0000001110
0000001110
0000001110
0011111110
0111111110
1110001110
1110001110
1110001110
1110001110
1111111110
0111110110
0000000000
0000000000
0000000000
end

glyph U+0062 width=10
0000000000
0000000000
0000000000
1110000000
1110000000
1110000000
1110000000
1111111000
1111111100
1110001110
1110001110
1110001110
1110001110
1110001110
1110001110
1110001110
1110001110
1110001110
1111111100
1101111000
0000000000
0000000000
0000000000
end

glyph U+0063 width=8
00000000
00000000
00000000
00000000
00000000
00000000
00000000
00111100
01111110
11100010
11100000
11100000
11100000
11100000
11100000
11100000
11100000
11100010
01111110
00111100
00000000
00000000
00000000
end

glyph U+0064 width=10
0000000000
0000000000
0000000000
0000001110
0000001110
0000001110
0000001110
0011111110
0111111110
1110001110
1110001110
1110001110
1110001110
1110001110
1110001110
1110001110
1110001110
1110001110
0111111110
0011110110
0000000000
0000000000
0000000000
end

glyph U+0065 width=10
0000000000
0000000000
0000000000
0000000000
0000000000
0000000000
0000000000
0011111000
0111111100
1110001110
1110001110
1110001110
1111111110
1111111110
1110000000
1110000000
1110000000
1111000010
0111111110
0011111100
0000000000
0000000000
0000000000
end

glyph U+0066 width=7
0000000
0000000
0000000
0001110
0011110
0111000
0111000
1111110
1111110
0111000
0111000
0111000
0111000
0111000
0111000
0111000
0111000
0111000
0111000
0111000
0000000
0000000
0000000
end

glyph U+0067 width=10
0000000000
0000000000
0000000000
0000000000
0000000000
0000000000
0000000000
0011110110
0111111110
1110001110
1110001110
1110001110
1110001110
1110001110
1110001110
1110001110
1110001110
0111111110
0011111110
0000001110
0100001110
0111111100
0011111000
end

glyph U+0068 width=10
0000000000
0000000000
0000000000
1110000000
1110000000
1110000000
1110000000
1111111000
1111111100
1110001110
1110001110
1110001110
1110001110
1110001110
1110001110
1110001110
1110001110
1110001110
1110001110
1110001110
0000000000
0000000000
0000000000
end

glyph U+0069 width=4
0000
0000
0000
1110
1110
1110
0000
1110
1110
1110
1110
1110
1110
1110
1110
1110
1110
1110
1110
1110
0000
0000
0000
end

glyph U+006A width=5
00000
00000
00000
01110
01110
01110
00000
01110
01110
01110
01110
01110
01110
01110
01110
01110
01110
01110
01110
01110
01110
11100
11000
end

glyph U+006B width=10
0000000000
0000000000
0000000000
1110000000
1110000000
1110000000
1110000000
1110001110
1110001110
1110011100
1110011000
1110111000
1111110000
1111110000
1110111000
1110111000
1110011100
1110011100
1110001110
1110001110
0000000000
0000000000
0000000000
end

glyph U+006C width=4
0000
0000
0000
1110
1110
1110
1110
1110
1110
1110
1110
1110
1110
1110
1110
1110
1110
1110
1110
1110
0000
0000
0000
end

glyph U+006D width=16
0000000000000000
0000000000000000
0000000000000000
0000000000000000
0000000000000000
0000000000000000
0000000000000000
1101111101111000
1111111111111100
1110001110001110
1110001110001110
1110001110001110
1110001110001110
1110001110001110
1110001110001110
1110001110001110
1110001110001110
1110001110001110
1110001110001110
1110001110001110
0000000000000000
0000000000000000
0000000000000000
end

glyph U+006E width=10
0000000000
0000000000
0000000000
0000000000
0000000000
0000000000
0000000000
1101111000
1111111100
1110001110
1110001110
1110001110
1110001110
1110001110
1110001110
1110001110
1110001110
1110001110
1110001110
1110001110
0000000000
0000000000
0000000000
end

glyph U+006F width=10
0000000000
0000000000
0000000000
0000000000
0000000000
0000000000
0000000000
0011111000
0111111100
1110001110
1110001110
1110001110
1110001110
1110001110
1110001110
1110001110
1110001110
1110001110
0111111100
0011111000
0000000000
0000000000
0000000000
end

glyph U+0070 width=10
0000000000
0000000000
0000000000
0000000000
0000000000
0000000000
0000000000
1101111000
1111111100
1110001110
1110001110
1110001110
1110001110
1110001110
1110001110
1110001110
1110001110
1110001110
1111111100
1111111000
1110000000
1110000000
1110000000
end

glyph U+0071 width=10
0000000000
0000000000
0000000000
0000000000
0000000000
0000000000
0000000000
0011110110
0111111110
1110001110
1110001110
1110001110
1110001110
1110001110
1110001110
1110001110
1110001110
1110001110
0111111110
0011111110
0000001110
0000001110
0000001110
end

glyph U+0072 width=7
0000000
0000000
0000000
0000000
0000000
0000000
0000000
1101110
1111110
1111110
1110000
1110000
1110000
1110000
1110000
1110000
1110000
1110000
1110000
1110000
0000000
0000000
0000000
end

glyph U+0073 width=8
00000000
00000000
00000000
00000000
00000000
00000000
00000000
00111110
01111110
11100000
11100000
11110000
11111000
01111100
00111110
00011110
00001110
00001110
11111100
11111000
00000000
00000000
00000000
end

glyph U+0074 width=7
0000000
0000000
0000000
0000000
0001000
0011000
0111000
1111110
1111110
0111000
0111000
0111000
0111000
0111000
0111000
0111000
0111000
0111000
0111110
0011110
0000000
0000000
0000000
end

glyph U+0075 width=10
0000000000
0000000000
0000000000
0000000000
0000000000
0000000000
0000000000
1110001110
1110001110
1110001110
1110001110
1110001110
1110001110
1110001110
1110001110
1110001110
1110001110
1110001110
0111111110
0011110110
0000000000
0000000000
0000000000
end

glyph U+0076 width=10
0000000000
0000000000
0000000000
0000000000
0000000000
0000000000
0000000000
1110001110
1110001110
1110001110
1110001110
1110001110
0110001100
0111011100
0111011100
0011011000
0011111000
0011111000
0001110000
0001110000
0000000000
0000000000
0000000000
end

glyph U+0077 width=16
0000000000000000
0000000000000000
0000000000000000
0000000000000000
0000000000000000
0000000000000000
0000000000000000
1110001110001110
1110001110001110
1110001110001110
1110001110001110
1110001110001110
0110001110001100
0111011111011100
0111011011011100
0011011011011000
0011111011111000
0011110001111000
0001110001110000
0001110001110000
0000000000000000
0000000000000000
0000000000000000
end

glyph U+0078 width=10
0000000000
0000000000
0000000000
0000000000
0000000000
0000000000
0000000000
1110001110
1110001110
0111011100
0111011100
0011011000
0011111000
0001110000
0011111000
0011011000
0111011100
0111011100
1110001110
1110001110
0000000000
0000000000
0000000000
end

glyph U+0079 width=10
0000000000
0000000000
0000000000
0000000000
0000000000
0000000000
0000000000
1110001110
1110001110
1110001110
1110001110
1110001110
0110001100
0111011100
0111011100
0011011000
0011111000
0011111000
0001110000
0001110000
0011100000
1111000000
1110000000
end

glyph U+007A width=8
00000000
00000000
00000000
00000000
00000000
00000000
00000000
11111110
11111110
00001110
00011100
00011100
00111000
00111000
01110000
01110000
11100000
11100000
11111110
11111110
00000000
00000000
00000000
end

glyph U+007B width=8
00000000
00000000
00000000
00001110
00011110
00111000
00111000
00111000
00111000
00111000
00111000
00111000
01110000
01110000
00111000
00111000
00111000
00111000
00111000
00111000
00111000
00011110
00001110
end

glyph U+007C width=6
000000
000000
000000
001100
001100
001100
001100
001100
001100
001100
001100
001100
001100
001100
001100
001100
001100
001100
001100
001100
001100
001100
001100
end

glyph U+007D width=8
00000000
00000000
00000000
01110000
01111000
00011100
00011100
00011100
00011100
00011100
00011100
00011100
00001110
00001110
00011100
00011100
00011100
00011100
00011100
00011100
00011100
01111000
01110000
end

glyph U+007E width=11
00000000000
00000000000
00000000000
00000000000
00000000000
00000000000
00000000000
00000000000
00000000000
00000000000
00111000110
01111100110
01100111110
01100011100
00000000000
00000000000
00000000000
00000000000
00000000000
00000000000
00000000000
00000000000
00000000000
end

glyph U+007F width=3
000
000
000
000
000
000
000
000
000
000
000
000
000
000
000
000
000
000
000
000
000
000
000
end

glyph U+0401 width=10
0000000000
0001101100
0001101100
0000000000
0111111110
0111111110
0111000000
0111000000
0111000000
0111000000
0111111100
0111111100
0111000000
0111000000
0111000000
0111000000
0111000000
0111000000
0111111110
0111111110
0000000000
0000000000
0000000000
end

glyph U+0410 width=13
0000000000000
0000000000000
0000000000000
0000000000000
0000011100000
0000011100000
0000111110000
0000111110000
0000110110000
0001110111000
0001110111000
0001100011000
0011100011100
0011100011100
0011111111100
0011111111100
0111000001110
0111000001110
0111000001110
0111000001110
0000000000000
0000000000000
0000000000000
end

glyph U+0411 width=12
000000000000
000000000000
000000000000
000000000000
011111111000
011111111000
011100000000
011100000000
011100000000
011100000000
011100000000
011111111000
011111111100
011100011110
011100001110
011100001110
011100001110
011100011110
011111111100
011111111000
000000000000
000000000000
000000000000
end

glyph U+0412 width=12
000000000000
000000000000
000000000000
000000000000
011111110000
011111111000
011100111100
011100011100
011100011100
011100011100
011100111000
011111110000
011111111000
011100011100
011100001110
011100001110
011100001110
011100011110
011111111100
011111111000
000000000000
000000000000
000000000000
end

glyph U+0413 width=9
000000000
000000000
000000000
000000000
011111110
011111110
011100000
011100000
011100000
011100000
011100000
011100000
011100000
011100000
011100000
011100000
011100000
011100000
011100000
011100000
000000000
000000000
000000000
end

glyph U+0414 width=13
0000000000000
0000000000000
0000000000000
0000000000000
0000111111100
0001111111100
0011100011100
0011100011100
0011100011100
0011100011100
0011100011100
0011100011100
0011100011100
0011100011100
0011100011100
0011100011100
0011100011100
0011100011100
0111111111110
0111111111110
0111000001110
0111000001110
0111000001110
end

glyph U+0415 width=10
0000000000
0000000000
0000000000
0000000000
0111111110
0111111110
0111000000
0111000000
0111000000
0111000000
0111111100
0111111100
0111000000
0111000000
0111000000
0111000000
0111000000
0111000000
0111111110
0111111110
0000000000
0000000000
0000000000
end

glyph U+0416 width=17
00000000000000000
00000000000000000
00000000000000000
00000000000000000
01110001110001110
01111001110011110
00111001110011100
00111001110011100
00111001110011100
00111001110011100
00011101110111000
00001111111110000
00001111111110000
00011101110111000
00111001110011100
00111001110011100
00111001110011100
00111001110011100
01111001110011110
01110001110001110
00000000000000000
00000000000000000
00000000000000000
end

glyph U+0417 width=10
0000000000
0000000000
0000000000
0000000000
0011111000
0111111100
0100011110
0000001110
0000001110
0000001110
0000011100
0011111000
0011111100
0000011110
0000001110
0000001110
0000001110
0100011110
0111111100
0011111000
0000000000
0000000000
0000000000
end

glyph U+0418 width=12
000000000000
000000000000
000000000000
000000000000
011100000110
011100001110
011100001110
011100011110
011100011110
011100111110
011100111110
011101101110
011101101110
011111001110
011111001110
011110001110
011110001110
011100001110
011100001110
011000001110
000000000000
000000000000
000000000000
end

glyph U+0419 width=12
000110001100
000110001100
000011111000
000001110000
011100000110
011100001110
011100001110
011100011110
011100011110
011100111110
011100111110
011101101110
011101101110
011111001110
011111001110
011110001110
011110001110
011100001110
011100001110
011000001110
000000000000
000000000000
000000000000
end

glyph U+041A width=12
000000000000
000000000000
000000000000
000000000000
011100001110
011100011110
011100011100
011100011100
011100011100
011100011100
011100111000
011111110000
011111110000
011100111000
011100011100
011100011100
011100011100
011100011100
011100011110
011100001110
000000000000
000000000000
000000000000
end

glyph U+041B width=12
000000000000
000000000000
000000000000
000000000000
000011111110
000111111110
000111001110
001110001110
001110001110
001110001110
001110001110
001110001110
001110001110
001110001110
001110001110
001110001110
001110001110
001110001110
011110001110
011100001110
000000000000
000000000000
000000000000
end

glyph U+041C width=14
00000000000000
00000000000000
00000000000000
00000000000000
01100000000110
01100000000110
01110000001110
01110000001110
01111000011110
01111000011110
01111100111110
01111100111110
01110111101110
01110111101110
01110011001110
01110011001110
01110000001110
01110000001110
01110000001110
01110000001110
00000000000000
00000000000000
00000000000000
end

glyph U+041D width=12
000000000000
000000000000
000000000000
000000000000
011100001110
011100001110
011100001110
011100001110
011100001110
011100001110
011100001110
011111111110
011111111110
011100001110
011100001110
011100001110
011100001110
011100001110
011100001110
011100001110
000000000000
000000000000
000000000000
end

glyph U+041E width=12
000000000000
000000000000
000000000000
000000000000
000111111000
001111111100
011110011110
011100001110
011100001110
011100001110
011100001110
011100001110
011100001110
011100001110
011100001110
011100001110
011100001110
011110011110
001111111100
000111111000
000000000000
000000000000
000000000000
end

glyph U+041F width=12
000000000000
000000000000
000000000000
000000000000
011111111110
011111111110
011100001110
011100001110
011100001110
011100001110
011100001110
011100001110
011100001110
011100001110
011100001110
011100001110
011100001110
011100001110
011100001110
011100001110
000000000000
000000000000
000000000000
end

glyph U+0420 width=11
00000000000
00000000000
00000000000
00000000000
01111111000
01111111100
01110011110
01110001110
01110001110
01110001110
01110001110
01110001110
01110011100
01111111000
01111110000
01110000000
01110000000
01110000000
01110000000
01110000000
00000000000
00000000000
00000000000
end

glyph U+0421 width=10
0000000000
0000000000
0000000000
0000000000
0001111100
0011111110
0111100010
0111000000
0111000000
0111000000
0111000000
0111000000
0111000000
0111000000
0111000000
0111000000
0111000000
0111100010
0011111110
0001111100
0000000000
0000000000
0000000000
end

glyph U+0422 width=10
0000000000
0000000000
0000000000
0000000000
1111111110
1111111110
0001110000
0001110000
0001110000
0001110000
0001110000
0001110000
0001110000
0001110000
0001110000
0001110000
0001110000
0001110000
0001110000
0001110000
0000000000
0000000000
0000000000
end

glyph U+0423 width=13
0000000000000
0000000000000
0000000000000
0000000000000
0111000001110
0111000001110
0111000001110
0011100011100
0011100011100
0011100011100
0001110111000
0001110111000
0000110110000
0000111110000
0000011100000
0000011100000
0000011100000
0000111000000
0011111000000
0011110000000
0000000000000
0000000000000
0000000000000
end

glyph U+0424 width=17
00000000000000000
00000000000000000
00000000000000000
00000000000000000
00000001110000000
00000001110000000
00011111111111000
00111111111111100
01111001110011110
01110001110001110
01110001110001110
01110001110001110
01110001110001110
01110001110001110
01110001110001110
01111001110011110
00111111111111100
00011111111111000
00000001110000000
00000001110000000
00000000000000000
00000000000000000
00000000000000000
end

glyph U+0425 width=13
0000000000000
0000000000000
0000000000000
0000000000000
0111000001110
0111000001110
0011100011100
0011100011100
0001110111000
0001110111000
0000111110000
0000011100000
0000011100000
0000111110000
0001110111000
0001110111000
0011100011100
0011100011100
0111000001110
0111000001110
0000000000000
0000000000000
0000000000000
end

glyph U+0426 width=13
0000000000000
0000000000000
0000000000000
0000000000000
0111000011100
0111000011100
0111000011100
0111000011100
0111000011100
0111000011100
0111000011100
0111000011100
0111000011100
0111000011100
0111000011100
0111000011100
0111000011100
0111000011100
0111111111110
0111111111110
0000000001110
0000000001110
0000000001110
end

glyph U+0427 width=11
00000000000
00000000000
00000000000
00000000000
01110001110
01110001110
01110001110
01110001110
01110001110
01110001110
01110001110
01110001110
00111111110
00011111110
00000001110
00000001110
00000001110
00000001110
00000001110
00000001110
00000000000
00000000000
00000000000
end

glyph U+0428 width=17
00000000000000000
00000000000000000
00000000000000000
00000000000000000
01110001110001110
01110001110001110
01110001110001110
01110001110001110
01110001110001110
01110001110001110
01110001110001110
01110001110001110
01110001110001110
01110001110001110
01110001110001110
01110001110001110
01110001110001110
01110001110001110
01111111111111110
01111111111111110
00000000000000000
00000000000000000
00000000000000000
end

glyph U+0429 width=18
000000000000000000
000000000000000000
000000000000000000
000000000000000000
011100011100011100
011100011100011100
011100011100011100
011100011100011100
011100011100011100
011100011100011100
011100011100011100
011100011100011100
011100011100011100
011100011100011100
011100011100011100
011100011100011100
011100011100011100
011100011100011100
011111111111111110
011111111111111110
000000000000001110
000000000000001110
000000000000001110
end

glyph U+042A width=14
00000000000000
00000000000000
00000000000000
00000000000000
11111100000000
11111100000000
00011100000000
00011100000000
00011100000000
00011100000000
00011100000000
00011111111000
00011111111100
00011100011110
00011100001110
00011100001110
00011100001110
00011100011110
00011111111100
00011111111000
00000000000000
00000000000000
00000000000000
end

glyph U+042B width=15
000000000000000
000000000000000
000000000000000
000000000000000
011100000001110
011100000001110
011100000001110
011100000001110
011100000001110
011100000001110
011100000001110
011111110001110
011111111001110
011100111101110
011100011101110
011100011101110
011100011101110
011100111101110
011111111001110
011111110001110
000000000000000
000000000000000
000000000000000
end

glyph U+042C width=12
000000000000
000000000000
000000000000
000000000000
011100000000
011100000000
011100000000
011100000000
011100000000
011100000000
011100000000
011111111000
011111111100
011100011110
011100001110
011100001110
011100001110
011100011110
011111111100
011111111000
000000000000
000000000000
000000000000
end

glyph U+042D width=10
0000000000
0000000000
0000000000
0000000000
0011111000
0111111100
0100011110
0000001110
0000001110
0000001110
0000001110
0011111110
0011111110
0000001110
0000001110
0000001110
0000001110
0100011110
0111111100
0011111000
0000000000
0000000000
0000000000
end

glyph U+042E width=17
00000000000000000
00000000000000000
00000000000000000
00000000000000000
01110000111111000
01110001111111100
01110011110011110
01110011100001110
01110011100001110
01110011100001110
01110011100001110
01111111100001110
01111111100001110
01110011100001110
01110011100001110
01110011100001110
01110011100001110
01110011110011110
01110001111111100
01110000111111000
00000000000000000
00000000000000000
00000000000000000
end

glyph U+042F width=12
000000000000
000000000000
000000000000
000000000000
000111111110
001111111110
011110001110
011100001110
011100001110
011100001110
001110001110
000111111110
000011111110
000111001110
001110001110
001110001110
001110001110
001110001110
011110001110
011100001110
000000000000
000000000000
000000000000
end

glyph U+0430 width=10
0000000000
0000000000
0000000000
0000000000
0000000000
0000000000
0000000000
0111111000
0111111100
0000001110
0000001110
0000001110
0011111110
0111111110
1110001110
1110001110
1110001110
1110001110
1111111110
0111110110
0000000000
0000000000
0000000000
end

glyph U+0431 width=10
0000000000
0000000000
0000000000
0000001100
0011111100
0111111100
0111111000
1110000000
1100000000
1101111000
1111111100
1110001110
1110001110
1110001110
1110001110
1110001110
1110001110
1110001110
0111111100
0011111000
0000000000
0000000000
0000000000
end

glyph U+0432 width=10
0000000000
0000000000
0000000000
0000000000
0000000000
0000000000
0000000000
1111111000
1111111100
1110001110
1110001110
1110001110
1111111100
1111111100
1110001110
1110001110
1110001110
1110001110
1111111100
1111111000
0000000000
0000000000
0000000000
end

glyph U+0433 width=7
0000000
0000000
0000000
0000000
0000000
0000000
0000000
1111110
1111110
1110000
1110000
1110000
1110000
1110000
1110000
1110000
1110000
1110000
1110000
1110000
0000000
0000000
0000000
end

glyph U+0434 width=12
000000000000
000000000000
000000000000
000000000000
000000000000
000000000000
000000000000
000111111100
001111111100
011100011100
011100011100
011100011100
011100011100
011100011100
011100011100
011100011100
011100011100
011100011100
111111111110
111111111110
111000001110
111000001110
111000001110
end

glyph U+0435 width=10
0000000000
0000000000
0000000000
0000000000
0000000000
0000000000
0000000000
0011111000
0111111100
1110001110
1110001110
1110001110
1111111110
1111111110
1110000000
1110000000
1110000000
1111000010
0111111110
0011111100
0000000000
0000000000
0000000000
end

glyph U+0436 width=16
0000000000000000
0000000000000000
0000000000000000
0000000000000000
0000000000000000
0000000000000000
0000000000000000
1110001110001110
1110001110001110
0111001110011100
0111001110011100
0011101110111000
0001111111110000
0001111111110000
0011101110111000
0111001110011100
0111001110011100
0111001110011100
1110001110001110
1110001110001110
0000000000000000
0000000000000000
0000000000000000
end

glyph U+0437 width=8
00000000
00000000
00000000
00000000
00000000
00000000
00000000
11111000
11111100
00001110
00001110
00001110
01111100
01111100
00001110
00001110
00001110
00001110
11111100
11111000
00000000
00000000
00000000
end

glyph U+0438 width=10
0000000000
0000000000
0000000000
0000000000
0000000000
0000000000
0000000000
1110000110
1110001110
1110001110
1110011110
1110111110
1110111110
1111101110
1111101110
1111001110
1110001110
1110001110
1110001110
1100001110
0000000000
0000000000
0000000000
end

glyph U+0439 width=10
0000000000
0000000000
0110001100
0110001100
0011111000
0001110000
0000000000
1110000110
1110001110
1110001110
1110011110
1110111110
1110111110
1111101110
1111101110
1111001110
1110001110
1110001110
1110001110
1100001110
0000000000
0000000000
0000000000
end

glyph U+043A width=10
0000000000
0000000000
0000000000
0000000000
0000000000
0000000000
0000000000
1110001110
1110001110
1110011100
1110011100
1110111000
1111110000
1111110000
1110111000
1110011100
1110011100
1110011100
1110001110
1110001110
0000000000
0000000000
0000000000
end

glyph U+043B width=11
00000000000
00000000000
00000000000
00000000000
00000000000
00000000000
00000000000
00011111110
00111111110
00111001110
01110001110
01110001110
01110001110
01110001110
01110001110
01110001110
01110001110
01110001110
11110001110
11100001110
00000000000
00000000000
00000000000
end

glyph U+043C width=13
0000000000000
0000000000000
0000000000000
0000000000000
0000000000000
0000000000000
0000000000000
1100000000110
1110000001110
1110000001110
1111000011110
1111000011110
1111100111110
1111100111110
1110111101110
1110111101110
1110011001110
1110011001110
1110000001110
1110000001110
0000000000000
0000000000000
0000000000000
end

glyph U+043D width=10
0000000000
0000000000
0000000000
0000000000
0000000000
0000000000
0000000000
1110001110
1110001110
1110001110
1110001110
1110001110
1111111110
1111111110
1110001110
1110001110
1110001110
1110001110
1110001110
1110001110
0000000000
0000000000
0000000000
end

glyph U+043E width=10
0000000000
0000000000
0000000000
0000000000
0000000000
0000000000
0000000000
0011111000
0111111100
1110001110
1110001110
1110001110
1110001110
1110001110
1110001110
1110001110
1110001110
1110001110
0111111100
0011111000
0000000000
0000000000
0000000000
end

glyph U+043F width=10
0000000000
0000000000
0000000000
0000000000
0000000000
0000000000
0000000000
1111111110
1111111110
1110001110
1110001110
1110001110
1110001110
1110001110
1110001110
1110001110
1110001110
1110001110
1110001110
1110001110
0000000000
0000000000
0000000000
end

glyph U+0440 width=10
0000000000
0000000000
0000000000
0000000000
0000000000
0000000000
0000000000
1101111000
1111111100
1110001110
1110001110
1110001110
1110001110
1110001110
1110001110
1110001110
1110001110
1110001110
1111111100
1111111000
1110000000
1110000000
1110000000
end

glyph U+0441 width=8
00000000
00000000
00000000
00000000
00000000
00000000
00000000
00111100
01111110
11100010
11100000
11100000
11100000
11100000
11100000
11100000
11100000
11100010
01111110
00111100
00000000
00000000
00000000
end

glyph U+0442 width=10
0000000000
0000000000
0000000000
0000000000
0000000000
0000000000
0000000000
1111111110
1111111110
0001110000
0001110000
0001110000
0001110000
0001110000
0001110000
0001110000
0001110000
0001110000
0001110000
0001110000
0000000000
0000000000
0000000000
end

glyph U+0443 width=10
0000000000
0000000000
0000000000
0000000000
0000000000
0000000000
0000000000
1110001110
1110001110
1110001110
1110001110
1110001110
0110001100
0111011100
0111011100
0011011000
0011111000
0011111000
0001110000
0001110000
0011100000
1111000000
1110000000
end

glyph U+0444 width=14
00000000000000
00000000000000
00000000000000
00000000000000
00000111000000
00000111000000
00000111000000
00111111111000
01111111111100
11100111001110
11100111001110
11100111001110
11100111001110
11100111001110
11100111001110
11100111001110
11100111001110
11100111001110
01111111111100
00111111111000
00000111000000
00000111000000
00000111000000
end

glyph U+0445 width=10
0000000000
0000000000
0000000000
0000000000
0000000000
0000000000
0000000000
1110001110
1110001110
0111011100
0111011100
0011011000
0011111000
0001110000
0011111000
0011011000
0111011100
0111011100
1110001110
1110001110
0000000000
0000000000
0000000000
end

glyph U+0446 width=11
00000000000
00000000000
00000000000
00000000000
00000000000
00000000000
00000000000
11100011100
11100011100
11100011100
11100011100
11100011100
11100011100
11100011100
11100011100
11100011100
11100011100
11100011100
11111111110
11111111110
00000001110
00000001110
00000001110
end

glyph U+0447 width=10
0000000000
0000000000
0000000000
0000000000
0000000000
0000000000
0000000000
1110001110
1110001110
1110001110
1110001110
1110001110
1110001110
0111111110
0011111110
0000001110
0000001110
0000001110
0000001110
0000001110
0000000000
0000000000
0000000000
end

glyph U+0448 width=16
0000000000000000
0000000000000000
0000000000000000
0000000000000000
0000000000000000
0000000000000000
0000000000000000
1110001110001110
1110001110001110
1110001110001110
1110001110001110
1110001110001110
1110001110001110
1110001110001110
1110001110001110
1110001110001110
1110001110001110
1110001110001110
1111111111111110
1111111111111110
0000000000000000
0000000000000000
0000000000000000
end

glyph U+0449 width=17
00000000000000000
00000000000000000
00000000000000000
00000000000000000
00000000000000000
00000000000000000
00000000000000000
11100011100011100
11100011100011100
11100011100011100
11100011100011100
11100011100011100
11100011100011100
11100011100011100
11100011100011100
11100011100011100
11100011100011100
11100011100011100
11111111111111110
11111111111111110
00000000000001110
00000000000001110
00000000000001110
end

glyph U+044A width=12
000000000000
000000000000
000000000000
000000000000
000000000000
000000000000
000000000000
111110000000
111110000000
001110000000
001110000000
001110000000
001111111000
001111111100
001110001110
001110001110
001110001110
001110001110
001111111100
001111111000
000000000000
000000000000
000000000000
end

glyph U+044B width=13
0000000000000
0000000000000
0000000000000
0000000000000
0000000000000
0000000000000
0000000000000
1110000001110
1110000001110
1110000001110
1110000001110
1110000001110
1111111001110
1111111101110
1110001111110
1110001111110
1110001111110
1110001111110
1111111101110
1111111001110
0000000000000
0000000000000
0000000000000
end

glyph U+044C width=10
0000000000
0000000000
0000000000
0000000000
0000000000
0000000000
0000000000
1110000000
1110000000
1110000000
1110000000
1110000000
1111111000
1111111100
1110001110
1110001110
1110001110
1110001110
1111111100
1111111000
0000000000
0000000000
0000000000
end

glyph U+044D width=10
0000000000
0000000000
0000000000
0000000000
0000000000
0000000000
0000000000
0111111000
1111111100
1000011110
0000001110
0000001110
0011111110
0011111110
0000001110
0000001110
0000001110
1000011110
1111111100
0111111000
0000000000
0000000000
0000000000
end

glyph U+044E width=15
000000000000000
000000000000000
000000000000000
000000000000000
000000000000000
000000000000000
000000000000000
111000011111000
111000111111100
111001110001110
111001110001110
111001110001110
111111110001110
111111110001110
111001110001110
111001110001110
111001110001110
111001110001110
111000111111100
111000011111000
000000000000000
000000000000000
000000000000000
end

glyph U+044F width=10
0000000000
0000000000
0000000000
0000000000
0000000000
0000000000
0000000000
0011111110
0111111110
1110001110
1110001110
1110001110
1110001110
0111111110
0011111110
0011101110
0111001110
0111001110
1110001110
1110001110
0000000000
0000000000
0000000000
end

glyph U+0451 width=10
0000000000
0000000000
0000000000
0011011000
0011011000
0000000000
0000000000
0011111000
0111111100
1110001110
1110001110
1110001110
1111111110
1111111110
1110000000
1110000000
1110000000
1111000010
0111111110
0011111100
0000000000
0000000000
0000000000
end
