font name=font12 height=12
range U+0000..U+0451
default U+0020

glyph U+0000 width=4
0000
0000
0000
0000
0000
0000
0000
0000
0000
0000
0000
0000
end

glyph U+0001 width=4
0000
0000
0000
0000
0000
0000
0000
0000
0000
0000
0000
0000
end

glyph U+0002 width=4
0000
0000
0000
0000
0000
0000
0000
0000
0000
0000
0000
0000
end

glyph U+0003 width=4
0000
0000
0000
0000
0000
0000
0000
0000
0000
0000
0000
0000
end

glyph U+0004 width=4
0000
0000
0000
0000
0000
0000
0000
0000
0000
0000
0000
0000
end

glyph U+0005 width=4
0000
0000
0000
0000
0000
0000
0000
0000
0000
0000
0000
0000
end

glyph U+0006 width=4
0000
0000
0000
0000
0000
0000
0000
0000
0000
0000
0000
0000
end

glyph U+0007 width=4
0000
0000
0000
0000
0000
0000
0000
0000
0000
0000
0000
0000
end

glyph U+0008 width=4
0000
0000
0000
0000
0000
0000
0000
0000
0000
0000
0000
0000
end

glyph U+0009 width=4
0000
0000
0000
0000
0000
0000
0000
0000
0000
0000
0000
0000
end

glyph U+000A width=4
0000
0000
0000
0000
0000
0000
0000
0000
0000
0000
0000
0000
end

glyph U+000B width=4
0000
0000
0000
0000
0000
0000
0000
0000
0000
0000
0000
0000
end

glyph U+000C width=4
0000
0000
0000
0000
0000
0000
0000
0000
0000
0000
0000
0000
end

glyph U+000D width=4
0000
0000
0000
0000
0000
0000
0000
0000
0000
0000
0000
0000
end

glyph U+000E width=4
0000
0000
0000
0000
0000
0000
0000
0000
0000
0000
0000
0000
end

glyph U+000F width=4
0000
0000
0000
0000
0000
0000
0000
0000
0000
0000
0000
0000
end

glyph U+0010 width=4
0000
0000
0000
0000
0000
0000
0000
0000
0000
0000
0000
0000
end

glyph U+0011 width=4
0000
0000
0000
0000
0000
0000
0000
0000
0000
0000
0000
0000
end

glyph U+0012 width=4
0000
0000
0000
0000
0000
0000
0000
0000
0000
0000
0000
0000
end

glyph U+0013 width=4
0000
0000
0000
0000
0000
0000
0000
0000
0000
0000
0000
0000
end

glyph U+0014 width=4
0000
0000
0000
0000
0000
0000
0000
0000
0000
0000
0000
0000
end

glyph U+0015 width=4
0000
0000
0000
0000
0000
0000
0000
0000
0000
0000
0000
0000
end

glyph U+0016 width=4
0000
0000
0000
0000
0000
0000
0000
0000
0000
0000
0000
0000
end

glyph U+0017 width=4
0000
0000
0000
0000
0000
0000
0000
0000
0000
0000
0000
0000
end

glyph U+0018 width=4
0000
0000
0000
0000
0000
0000
0000
0000
0000
0000
0000
0000
end

glyph U+0019 width=4
0000
0000
0000
0000
0000
0000
0000
0000
0000
0000
0000
0000
end

glyph U+001A width=4
0000
0000
0000
0000
0000
0000
0000
0000
0000
0000
0000
0000
end

glyph U+001B width=4
0000
0000
0000
0000
0000
0000
0000
0000
0000
0000
0000
0000
end

glyph U+001C width=4
0000
0000
0000
0000
0000
0000
0000
0000
0000
0000
0000
0000
end

glyph U+001D width=4
0000
0000
0000
0000
0000
0000
0000
0000
0000
0000
0000
0000
end

glyph U+001E width=4
0000
0000
0000
0000
0000
0000
0000
0000
0000
0000
0000
0000
end

glyph U+001F width=4
0000
0000
0000
0000
0000
0000
0000
0000
0000
0000
0000
0000
end

glyph U+0020 width=4
0000
0000
0000
0000
0000
0000
0000
0000
0000
0000
0000
0000
end

glyph U+0021 width=3
000
010
010
010
010
010
010
000
010
010
000
000
end

glyph U+0022 width=4
1010
1010
1010
0000
0000
0000
0000
0000
0000
0000
0000
0000
end

glyph U+0023 width=9
000000000
000100100
000100100
011111110
001001000
001001000
001001000
111111100
010010000
010010000
000000000
000000000
end

glyph U+0024 width=6
001000
001000
011110
100000
100000
011100
000010
000010
111100
001000
001000
000000
end

glyph U+0025 width=10
0000000000
0110000100
1001001000
1001010000
1001010000
0110101100
0001010010
0001010010
0010010010
0100001100
0000000000
0000000000
end

glyph U+0026 width=7
0000000
0111000
1000000
1000000
1000100
0111110
1000100
1000100
1000100
0111100
0000000
0000000
end

glyph U+0027 width=2
10
10
10
00
00
00
00
00
00
00
00
00
end

glyph U+0028 width=4
0010
0100
1000
1000
1000
1000
1000
1000
1000
1000
0100
0010
end

glyph U+0029 width=4
1000
0100
0010
0010
0010
0010
0010
0010
0010
0010
0100
1000
end

glyph U+002A width=6
000000
001000
101010
011100
001000
011100
101010
001000
000000
000000
000000
000000
end

glyph U+002B width=6
000000
000000
000000
001000
001000
111110
001000
001000
000000
000000
000000
000000
end

glyph U+002C width=3
000
000
000
000
000
000
000
000
010
010
100
000
end

glyph U+002D width=4
0000
0000
0000
0000
0000
0000
1110
0000
0000
0000
0000
0000
end

glyph U+002E width=2
00
00
00
00
00
00
00
00
10
10
00
00
end

glyph U+002F width=5
00010
00010
00010
00100
00100
00100
01000
01000
01000
10000
10000
10000
end

glyph U+0030 width=6
000000
011100
100010
100010
100010
100010
100010
100010
100010
011100
000000
000000
end

glyph U+0031 width=6
000000
001000
011000
101000
001000
001000
001000
001000
001000
111110
000000
000000
end

glyph U+0032 width=6
000000
011100
100010
000010
000010
000100
001000
010000
100000
111110
000000
000000
end

glyph U+0033 width=6
000000
011100
100010
000010
000010
011100
000010
000010
100010
011100
000000
000000
end

glyph U+0034 width=6
000000
000100
001100
010100
010100
100100
100100
111110
000100
000100
000000
000000
end

glyph U+0035 width=6
000000
111110
100000
100000
111100
000010
000010
000010
100010
011100
000000
000000
end

glyph U+0036 width=6
000000
001100
010000
100000
100000
111100
100010
100010
100010
011100
000000
000000
end

glyph U+0037 width=6
000000
111110
000010
000100
000100
001000
001000
010000
010000
010000
000000
000000
end

glyph U+0038 width=6
000000
011100
100010
100010
100010
011100
100010
100010
100010
011100
000000
000000
end

glyph U+0039 width=6
000000
011100
100010
100010
100010
011110
000010
000010
000100
011000
000000
000000
end

glyph U+003A width=3
000
000
000
000
010
010
000
000
010
010
000
000
end

glyph U+003B width=3
000
000
000
000
010
010
000
000
010
010
100
000
end

glyph U+003C width=6
000000
000000
000010
000100
001000
010000
001000
000100
000010
000000
000000
000000
end

glyph U+003D width=6
000000
000000
000000
000000
111110
000000
111110
000000
000000
000000
000000
000000
end

glyph U+003E width=6
000000
000000
010000
001000
000100
000010
000100
001000
010000
000000
000000
000000
end

glyph U+003F width=5
00000
11100
00010
00010
00100
01000
01000
00000
01000
01000
00000
00000
end

glyph U+0040 width=10
0000000000
0001110000
0010001000
0100000100
0100110100
0101010100
0101010100
0100111000
0100000000
0010000100
0001111000
0000000000
end

glyph U+0041 width=8
00000000
00010000
00010000
00101000
00101000
01000100
01000100
01111100
10000010
10000010
00000000
00000000
end

glyph U+0042 width=6
000000
111100
100010
100010
100010
111100
100010
100010
100010
111100
000000
000000
end

glyph U+0043 width=6
000000
011110
100000
100000
100000
100000
100000
100000
100000
011110
000000
000000
end

glyph U+0044 width=7
0000000
1111000
1000100
1000010
1000010
1000010
1000010
1000010
1000100
1111000
0000000
0000000
end

glyph U+0045 width=5
00000
11110
10000
10000
10000
11110
10000
10000
10000
11110
00000
00000
end

glyph U+0046 width=5
00000
11110
10000
10000
10000
11110
10000
10000
10000
10000
00000
00000
end

glyph U+0047 width=6
000000
011110
100000
100000
100000
100110
100010
100010
100010
011110
000000
000000
end

glyph U+0048 width=7
0000000
1000010
1000010
1000010
1000010
1111110
1000010
1000010
1000010
1000010
0000000
0000000
end

glyph U+0049 width=4
0000
1110
0100
0100
0100
0100
0100
0100
0100
1110
0000
0000
end

glyph U+004A width=4
0000
1110
0100
0100
0100
0100
0100
0100
0100
0100
0100
1000
end

glyph U+004B width=6
000000
100010
100100
100100
101000
110000
101000
100100
100100
100010
000000
000000
end

glyph U+004C width=5
00000
10000
10000
10000
10000
10000
10000
10000
10000
11110
00000
00000
end

glyph U+004D width=8
00000000
10000010
11000110
10101010
10101010
10010010
10010010
10000010
10000010
10000010
00000000
00000000
end

glyph U+004E width=7
0000000
1000010
1100010
1010010
1010010
1001010
1001010
1000110
1000010
1000010
0000000
0000000
end

glyph U+004F width=7
0000000
0111100
1000010
1000010
1000010
1000010
1000010
1000010
1000010
0111100
0000000
0000000
end

glyph U+0050 width=6
000000
111100
100010
100010
100010
100010
111100
100000
100000
100000
000000
000000
end

glyph U+0051 width=7
0000000
0111100
1000010
1000010
1000010
1000010
1000010
1000010
1000010
0111100
0001000
0000100
end

glyph U+0052 width=6
000000
111100
100010
100010
100010
111100
100010
100010
100010
100010
000000
000000
end

glyph U+0053 width=6
000000
011110
100000
100000
010000
001000
000100
000010
000010
111100
000000
000000
end

glyph U+0054 width=8
00000000
11111110
00010000
00010000
00010000
00010000
00010000
00010000
00010000
00010000
00000000
00000000
end

glyph U+0055 width=7
0000000
1000010
1000010
1000010
1000010
1000010
1000010
1000010
1000010
0111100
0000000
0000000
end

glyph U+0056 width=8
00000000
10000010
10000010
01000100
01000100
01000100
00101000
00101000
00010000
00010000
00000000
00000000
end

glyph U+0057 width=10
0000000000
1000100010
1000100010
1000100010
1000100010
0101010100
0101010100
0101010100
0010001000
0010001000
0000000000
0000000000
end

glyph U+0058 width=6
000000
100010
100010
010100
010100
001000
010100
010100
100010
100010
000000
000000
end

glyph U+0059 width=6
000000
100010
100010
100010
010100
010100
001000
001000
001000
001000
000000
000000
end

glyph U+005A width=7
0000000
1111110
0000010
0000100
0001000
0010000
0010000
0100000
1000000
1111110
0000000
0000000
end

glyph U+005B width=4
1110
1000
1000
1000
1000
1000
1000
1000
1000
1000
1000
1110
end

glyph U+005C width=5
10000
10000
10000
01000
01000
01000
00100
00100
00100
00010
00010
00010
end

glyph U+005D width=4
1110
0010
0010
0010
0010
0010
0010
0010
0010
0010
0010
1110
end

glyph U+005E width=6
000000
001000
010100
010100
100010
100010
000000
000000
000000
000000
000000
000000
end

glyph U+005F width=4
0000
0000
0000
0000
0000
0000
0000
0000
0000
0000
0000
1110
end

glyph U+0060 width=3
000
100
010
000
000
000
000
000
000
000
000
000
end

glyph U+0061 width=6
000000
000000
000000
011100
000010
000010
011110
100010
100010
011110
000000
000000
end

glyph U+0062 width=6
100000
100000
100000
111100
100010
100010
100010
100010
100010
111100
000000
000000
end

glyph U+0063 width=5
00000
00000
00000
01110
10000
10000
10000
10000
10000
01110
00000
00000
end

glyph U+0064 width=6
000010
000010
000010
011110
100010
100010
100010
100010
100010
011110
000000
000000
end

glyph U+0065 width=6
000000
000000
000000
011100
100010
100010
111110
100000
100000
011110
000000
000000
end

glyph U+0066 width=5
00110
01000
01000
11110
01000
01000
01000
01000
01000
01000
00000
00000
end

glyph U+0067 width=6
000000
000000
000000
011110
100010
100010
100010
100010
100010
011110
000010
011100
end

glyph U+0068 width=6
100000
100000
100000
111100
100010
100010
100010
100010
100010
100010
000000
000000
end

glyph U+0069 width=2
10
10
00
10
10
10
10
10
10
10
00
00
end

glyph U+006A width=3
010
010
000
010
010
010
010
010
010
010
010
100
end

glyph U+006B width=6
100000
100000
100000
100010
100100
101000
110000
101000
100100
100010
000000
000000
end

glyph U+006C width=2
10
10
10
10
10
10
10
10
10
10
00
00
end

glyph U+006D width=10
0000000000
0000000000
0000000000
1111011100
1000100010
1000100010
1000100010
1000100010
1000100010
1000100010
0000000000
0000000000
end

glyph U+006E width=6
000000
000000
000000
111100
100010
100010
100010
100010
100010
100010
000000
000000
end

glyph U+006F width=6
000000
000000
000000
011100
100010
100010
100010
100010
100010
011100
000000
000000
end

glyph U+0070 width=6
000000
000000
000000
111100
100010
100010
100010
100010
100010
111100
100000
100000
end

glyph U+0071 width=6
000000
000000
000000
011110
100010
100010
100010
100010
100010
011110
000010
000010
end

glyph U+0072 width=4
0000
0000
0000
1110
1000
1000
1000
1000
1000
1000
0000
0000
end

glyph U+0073 width=6
000000
000000
000000
011110
100000
100000
011100
000010
000010
111100
000000
000000
end

glyph U+0074 width=5
00000
01000
01000
11110
01000
01000
01000
01000
01000
00110
00000
00000
end

glyph U+0075 width=6
000000
000000
000000
100010
100010
100010
100010
100010
100010
011110
000000
000000
end

glyph U+0076 width=6
000000
000000
000000
100010
100010
100010
010100
010100
001000
001000
000000
000000
end

glyph U+0077 width=10
0000000000
0000000000
0000000000
1000100010
1000100010
1000100010
0101010100
0101010100
0010001000
0010001000
0000000000
0000000000
end

glyph U+0078 width=6
000000
000000
000000
100010
100010
010100
001000
010100
100010
100010
000000
000000
end

glyph U+0079 width=6
000000
000000
000000
100010
100010
100010
010100
010100
001000
001000
001000
110000
end

glyph U+007A width=6
000000
000000
000000
111110
000010
000100
001000
010000
100000
111110
000000
000000
end

glyph U+007B width=5
00110
01000
01000
01000
01000
10000
01000
01000
01000
01000
01000
00110
end

glyph U+007C width=4
0100
0100
0100
0100
0100
0100
0100
0100
0100
0100
0100
0100
end

glyph U+007D width=5
11000
00100
00100
00100
00100
00010
00100
00100
00100
00100
00100
11000
end

glyph U+007E width=6
000000
000000
000000
000000
011010
101100
000000
000000
000000
000000
000000
000000
end

glyph U+007F width=4
0000
0000
0000
0000
0000
0000
0000
0000
0000
0000
0000
0000
end

glyph U+0401 width=5
01010
00000
11110
10000
10000
11110
10000
10000
10000
11110
00000
00000
end

glyph U+0410 width=8
00000000
00010000
00010000
00101000
00101000
01000100
01000100
01111100
10000010
10000010
00000000
00000000
end

glyph U+0411 width=6
000000
111100
100000
100000
100000
111100
100010
100010
100010
111100
000000
000000
end

glyph U+0412 width=6
000000
111100
100010
100010
100010
111100
100010
100010
100010
111100
000000
000000
end

glyph U+0413 width=5
00000
11110
10000
10000
10000
10000
10000
10000
10000
10000
00000
00000
end

glyph U+0414 width=8
00000000
00111100
01000100
01000100
01000100
01000100
01000100
01000100
10000100
11111110
10000010
10000010
end

glyph U+0415 width=5
00000
11110
10000
10000
10000
11110
10000
10000
10000
11110
00000
00000
end

glyph U+0416 width=10
0000000000
1000100010
0100100100
0100100100
0010101000
0001110000
0010101000
0100100100
0100100100
1000100010
0000000000
0000000000
end

glyph U+0417 width=5
00000
11100
00010
00010
00010
11100
00010
00010
00010
11100
00000
00000
end

glyph U+0418 width=7
0000000
1000010
1000110
1001010
1001010
1010010
1010010
1100010
1000010
1000010
0000000
0000000
end

glyph U+0419 width=8
01001000
00110000
10000100
10001100
10010100
10010100
10100100
10100100
11000100
10000100
00000000
00000000
end

glyph U+041A width=6
000000
100010
100100
100100
101000
110000
101000
100100
100100
100010
000000
000000
end

glyph U+041B width=7
0000000
0011110
0100010
0100010
0100010
0100010
0100010
0100010
0100010
1000010
0000000
0000000
end

glyph U+041C width=8
00000000
10000010
11000110
10101010
10101010
10010010
10010010
10000010
10000010
10000010
00000000
00000000
end

glyph U+041D width=7
0000000
1000010
1000010
1000010
1000010
1111110
1000010
1000010
1000010
1000010
0000000
0000000
end

glyph U+041E width=7
0000000
0111100
1000010
1000010
1000010
1000010
1000010
1000010
1000010
0111100
0000000
0000000
end

glyph U+041F width=7
0000000
1111110
1000010
1000010
1000010
1000010
1000010
1000010
1000010
1000010
0000000
0000000
end

glyph U+0420 width=6
000000
111100
100010
100010
100010
100010
111100
100000
100000
100000
000000
000000
end

glyph U+0421 width=6
000000
011110
100000
100000
100000
100000
100000
100000
100000
011110
000000
000000
end

glyph U+0422 width=8
00000000
11111110
00010000
00010000
00010000
00010000
00010000
00010000
00010000
00010000
00000000
00000000
end

glyph U+0423 width=6
000000
100010
100010
100010
010100
010100
010100
001000
001000
110000
000000
000000
end

glyph U+0424 width=8
00000000
00010000
01111100
10010010
10010010
10010010
10010010
10010010
01111100
00010000
00000000
00000000
end

glyph U+0425 width=6
000000
100010
100010
010100
010100
001000
010100
010100
100010
100010
000000
000000
end

glyph U+0426 width=8
00000000
10000100
10000100
10000100
10000100
10000100
10000100
10000100
10000100
11111110
00000010
00000010
end

glyph U+0427 width=6
000000
100010
100010
100010
100010
011110
000010
000010
000010
000010
000000
000000
end

glyph U+0428 width=10
0000000000
1000100010
1000100010
1000100010
1000100010
1000100010
1000100010
1000100010
1000100010
1111111110
0000000000
0000000000
end

glyph U+0429 width=11
00000000000
10001000100
10001000100
10001000100
10001000100
10001000100
10001000100
10001000100
10001000100
11111111110
00000000010
00000000010
end

glyph U+042A width=8
00000000
11100000
00100000
00100000
00100000
00111100
00100010
00100010
00100010
00111100
00000000
00000000
end

glyph U+042B width=8
00000000
10000010
10000010
10000010
10000010
11110010
10001010
10001010
10001010
11110010
00000000
00000000
end

glyph U+042C width=6
000000
100000
100000
100000
100000
111100
100010
100010
100010
111100
000000
000000
end

glyph U+042D width=6
000000
111000
000100
000010
000010
111110
000010
000010
000100
111000
000000
000000
end

glyph U+042E width=9
000000000
100011100
100100010
100100010
100100010
111100010
100100010
100100010
100100010
100011100
000000000
000000000
end

glyph U+042F width=6
000000
011110
100010
100010
100010
011110
100010
100010
100010
100010
000000
000000
end

glyph U+0430 width=6
000000
000000
000000
011100
000010
000010
011110
100010
100010
011110
000000
000000
end

glyph U+0431 width=6
000010
011100
100000
100000
111100
100010
100010
100010
100010
011100
000000
000000
end

glyph U+0432 width=6
000000
000000
000000
111100
100010
100010
111100
100010
100010
111100
000000
000000
end

glyph U+0433 width=5
00000
00000
00000
11110
10000
10000
10000
10000
10000
10000
00000
00000
end

glyph U+0434 width=7
0000000
0000000
0000000
0011100
0100100
0100100
0100100
0100100
1000100
1111110
1000010
1000010
end

glyph U+0435 width=6
000000
000000
000000
011100
100010
100010
111110
100000
100000
011110
000000
000000
end

glyph U+0436 width=8
00000000
00000000
00000000
10010010
01010100
01010100
00111000
01010100
01010100
10010010
00000000
00000000
end

glyph U+0437 width=5
00000
00000
00000
11100
00010
00010
01100
00010
00010
11100
00000
00000
end

glyph U+0438 width=6
000000
000000
000000
100010
100110
101010
101010
110010
100010
100010
000000
000000
end

glyph U+0439 width=6
010010
001100
000000
100010
100110
101010
101010
110010
100010
100010
000000
000000
end

glyph U+043A width=6
000000
000000
000000
100010
100100
101000
110000
101000
100100
100010
000000
000000
end

glyph U+043B width=6
000000
000000
000000
001110
010010
010010
010010
010010
010010
100010
000000
000000
end

glyph U+043C width=8
00000000
00000000
00000000
10000010
11000110
10101010
10101010
10010010
10010010
10000010
00000000
00000000
end

glyph U+043D width=6
000000
000000
000000
100010
100010
100010
111110
100010
100010
100010
000000
000000
end

glyph U+043E width=6
000000
000000
000000
011100
100010
100010
100010
100010
100010
011100
000000
000000
end

glyph U+043F width=6
000000
000000
000000
111110
100010
100010
100010
100010
100010
100010
000000
000000
end

glyph U+0440 width=6
000000
000000
000000
111100
100010
100010
100010
100010
100010
111100
100000
100000
end

glyph U+0441 width=5
00000
00000
00000
01110
10000
10000
10000
10000
10000
01110
00000
00000
end

glyph U+0442 width=6
000000
000000
000000
111110
001000
001000
001000
001000
001000
001000
000000
000000
end

glyph U+0443 width=6
000000
000000
000000
100010
100010
100010
010100
010100
001000
001000
001000
110000
end

glyph U+0444 width=8
00000000
00010000
00010000
01111100
10010010
10010010
10010010
10010010
10010010
01111100
00010000
00010000
end

glyph U+0445 width=6
000000
000000
000000
100010
100010
010100
001000
010100
100010
100010
000000
000000
end

glyph U+0446 width=7
0000000
0000000
0000000
1000100
1000100
1000100
1000100
1000100
1000100
1111110
0000010
0000010
end

glyph U+0447 width=5
00000
00000
00000
10010
10010
10010
01110
00010
00010
00010
00000
00000
end

glyph U+0448 width=8
00000000
00000000
00000000
10010010
10010010
10010010
10010010
10010010
10010010
11111110
00000000
00000000
end

glyph U+0449 width=9
000000000
000000000
000000000
100100100
100100100
100100100
100100100
100100100
100100100
111111110
000000010
000000010
end

glyph U+044A width=8
00000000
00000000
00000000
11100000
00100000
00100000
00111100
00100010
00100010
00111100
00000000
00000000
end

glyph U+044B width=7
0000000
0000000
0000000
1000010
1000010
1000010
1110010
1001010
1001010
1110010
0000000
0000000
end

glyph U+044C width=6
000000
000000
000000
100000
100000
100000
111100
100010
100010
111100
000000
000000
end

glyph U+044D width=6
000000
000000
000000
111100
000010
000010
011110
000010
000010
111100
000000
000000
end

glyph U+044E width=9
000000000
000000000
000000000
100011100
100100010
100100010
111100010
100100010
100100010
100011100
000000000
000000000
end

glyph U+044F width=6
000000
000000
000000
011110
100010
100010
011110
100010
100010
100010
000000
000000
end

glyph U+0451 width=6
010100
010100
000000
011100
100010
100010
111110
100000
100000
011110
000000
000000
end

glyph U+0020 width=3
000
000
000
000
000
000
000
000
000
000
000
000
end

glyph U+00A2 width=5
00000
00100
00100
01110
10000
10000
10000
10000
01110
00100
00100
00000
end

glyph U+00A3 width=6
000000
001110
010000
010000
010000
111100
010000
010000
100000
111110
000000
000000
end

glyph U+00A4 width=6
000000
000000
000000
101010
010100
100010
010100
101010
000000
000000
000000
000000
end

glyph U+00A5 width=8
00000000
01000100
01000100
00101000
00101000
11111110
00010000
11111110
00010000
00010000
00000000
00000000
end

glyph U+00A6 width=4
0100
0100
0100
0100
0100
0000
0000
0100
0100
0100
0100
0100
end

glyph U+00A7 width=6
000000
011100
100010
100000
011100
100010
100010
011100
000010
100010
011100
000000
end

glyph U+00A8 width=4
0000
1010
1010
0000
0000
0000
0000
0000
0000
0000
0000
0000
end

glyph U+00A9 width=9
000000000
001111000
010000100
100110010
101001010
101000010
101000010
101001010
100110010
010000100
001111000
000000000
end

glyph U+00AA width=5
00000
01100
00010
01110
10010
01110
00000
11110
00000
00000
00000
00000
end

glyph U+00AB width=6
000000
000000
000000
000000
001010
010100
101000
010100
001010
000000
000000
000000
end

glyph U+00AC width=6
000000
000000
000000
000000
111110
000010
000010
000000
000000
000000
000000
000000
end

glyph U+00AE width=9
000000000
001111000
010000100
101110010
101001010
101001010
101110010
101001010
101001010
010000100
001111000
000000000
end

glyph U+00AF width=4
1110
0000
0000
0000
0000
0000
0000
0000
0000
0000
0000
0000
end

glyph U+00B0 width=4
0000
0100
1010
1010
0100
0000
0000
0000
0000
0000
0000
0000
end

glyph U+00B1 width=6
000000
000000
001000
001000
111110
001000
001000
000000
111110
000000
000000
000000
end

glyph U+00B2 width=4
0000
1100
0010
0100
1000
1110
0000
0000
0000
0000
0000
0000
end

glyph U+00B3 width=4
0000
1100
0010
1100
0010
1100
0000
0000
0000
0000
0000
0000
end

glyph U+00B4 width=3
000
010
100
000
000
000
000
000
000
000
000
000
end

glyph U+00B5 width=6
000000
000000
000000
100010
100010
100010
100010
100010
100110
111010
100000
100000
end

glyph U+00B6 width=6
000000
011110
111010
111010
111010
011010
001010
001010
001010
001010
001010
001010
end

glyph U+00B7 width=4
0000
0000
0000
0000
0000
0100
0100
0000
0000
0000
0000
0000
end

glyph U+00B8 width=3
000
000
000
000
000
000
000
000
000
000
010
100
end

glyph U+00B9 width=4
0000
0100
1100
0100
0100
1110
0000
0000
0000
0000
0000
0000
end

glyph U+00BA width=5
00000
01100
10010
10010
10010
01100
00000
11110
00000
00000
00000
00000
end

glyph U+00BB width=6
000000
000000
000000
000000
101000
010100
001010
010100
101000
000000
000000
000000
end

glyph U+00BC width=10
0000000000
0100000100
1100001000
0100010000
0100010000
1110100100
0001001100
0001010100
0010011110
0100000100
0000000000
0000000000
end

glyph U+00BD width=10
0000000000
0100000100
1100001000
0100010000
0100010000
1110101100
0001000010
0001000100
0010001000
0100001110
0000000000
0000000000
end

glyph U+00BE width=10
0000000000
1100000100
0010001000
1100010000
0010010000
1100100100
0001001100
0001010100
0010011110
0100000100
0000000000
0000000000
end

glyph U+00BF width=5
00000
00000
00000
00100
00100
00000
00100
00100
01000
10000
10000
01110
end
